UNIVARIABLE 0.2
MAE: 40.79362693488292
MASE: 0.159555050500797
DTW: 40.79362693488292

UNIVARIABLE 1.0
MAE: 226.0832982622058
MASE: 0.8842737158231678
DTW: 185.34548843421783

UNIVARIABLE 10.0
MAE: 3131.7875552631526
MASE: 12.249279092918538
DTW: 2870.8835244225725

