UNIVARIABLE 0.2
MAE: 38.96101666125833
MASE: 0.18040190335865697
DTW: 38.96101666125833

UNIVARIABLE 1.0
MAE: 133.3115314147446
MASE: 0.6172748061472322
DTW: 110.17053167922525

UNIVARIABLE 10.0
MAE: 1904.2799665701993
MASE: 8.817422129505806
DTW: 1606.0086805332141

