UNIVARIANTE0.2
MAE: 2698.5330078125
MASE: 12.495066261291504
DTW: 2698.5330078125

